100
0.009885
0.018272
0.045530
0.032425
0.056371
0.057897
0.065457
0.071246
########
0.007851
0.033914
0.042245
0.028794
0.040313
0.017954
0.030308
0.049966
########
0.007446
0.027689
0.031725
0.040717
0.049954
0.036893
0.041063
0.046595
########
0.009519
0.034938
0.036063
0.044554
0.042640
0.041550
0.040461
0.032461
########
0.018403
0.019408
0.020028
0.033363
0.023879
0.023644
0.020393
0.020291
########
0.007228
0.020170
0.023355
0.026825
0.042689
0.039558
0.037752
0.053793
########
0.014687
0.028840
0.038080
0.043856
0.039459
0.023614
0.043866
0.041479
########
0.007716
0.020034
0.027654
0.023716
0.029206
0.031835
0.036635
0.025230
########
0.009132
0.028297
0.029250
0.027196
0.017817
0.028973
0.026119
0.023083
########
0.013240
0.025580
0.036771
0.047407
0.026287
0.042254
0.022009
0.034632
########
200
0.126031
0.128505
0.141757
0.163252
0.178220
0.182299
0.185215
0.200219
########
0.104286
0.108074
0.173495
0.169934
0.184961
0.188868
0.189171
0.177955
########
0.077404
0.141708
0.145953
0.184187
0.201412
0.199500
0.203209
0.197472
########
0.135350
0.134753
0.174570
0.193402
0.179319
0.189853
0.208302
0.210691
########
0.044963
0.116752
0.132838
0.163391
0.194570
0.221997
0.211635
0.223298
########
0.095727
0.106785
0.161106
0.171772
0.173589
0.189580
0.197218
0.197641
########
0.136529
0.140858
0.154336
0.182596
0.185722
0.208872
0.212402
0.191456
########
0.119502
0.121041
0.182380
0.187876
0.202999
0.200606
0.195107
0.187248
########
0.051968
0.123139
0.169539
0.196148
0.230251
0.228372
0.227766
0.230711
########
0.162871
0.175017
0.183489
0.164197
0.190523
0.189563
0.205515
0.187278
########
400
1.619822
1.631647
1.622190
1.642424
1.701674
1.694775
1.712250
1.731549
########
1.682266
1.705804
1.718259
1.734701
1.754156
1.768696
1.769808
1.765438
########
1.640757
1.691546
1.703095
1.766024
1.806372
1.803886
1.796963
1.835796
########
1.640309
1.650506
1.743929
1.753493
1.771353
1.846982
1.865546
1.858832
########
1.736160
1.761359
1.778078
1.797867
1.814436
1.816175
1.848845
1.832806
########
1.532028
1.615831
1.727808
1.806844
1.869027
1.879189
1.911651
1.945229
########
1.661609
1.710325
1.843644
1.892996
1.903926
1.895491
1.925045
1.939425
########
1.761565
1.805564
1.852480
1.915309
1.926504
1.924133
1.973890
1.992295
########
1.725798
1.754475
1.842859
1.889438
1.932568
1.943122
1.970577
1.987625
########
1.860160
1.940478
1.936144
1.957768
1.972970
1.974810
1.992743
2.005772
########
800
18.291143
18.467475
18.494014
18.626439
18.692257
18.792748
18.806556
18.827336
########
19.575697
19.670707
19.672331
19.720964
19.734019
19.750597
19.814466
19.852963
########
20.168518
20.318905
20.414645
20.490111
20.491765
20.532389
20.569980
20.679330
########
20.313792
20.498294
20.563875
20.581312
20.714551
20.748327
20.795291
20.841816
########
20.787549
20.987793
20.982339
21.144688
21.202944
21.297703
21.313700
21.332332
########
21.290194
21.744685
21.957655
22.009428
22.042373
22.161244
22.258660
22.266065
########
22.108231
22.394224
22.621111
22.675781
22.726930
22.827087
22.825842
22.920004
########
21.420458
21.581561
21.750775
21.998566
22.073976
22.134604
22.167778
22.303014
########
21.284964
21.715279
21.999867
22.125929
22.237922
22.361577
22.457331
22.546602
########
21.894963
22.494071
22.530247
22.536549
22.605325
22.747787
22.813080
22.852471
########
1600
206.594448
206.986464
207.545301
207.661417
207.714452
208.333268
208.684896
208.769217
########
210.846433
211.837660
212.390965
212.401206
212.468157
212.883914
212.903086
213.008591
########
213.642665
214.075680
214.293095
214.888228
215.122446
215.216853
215.310694
215.468352
########
212.106038
212.241648
212.752647
212.948607
213.037806
213.107559
213.340982
213.422380
########
210.660580
210.820733
210.941180
211.412703
211.483453
211.635967
211.737416
211.865391
########
212.052705
212.379367
212.720256
213.000308
213.148210
213.377411
213.596512
213.804736
########
209.823433
210.667195
213.009179
213.203123
213.301113
213.631407
213.762235
213.948909
########
213.435103
213.981584
214.692874
214.735830
214.745607
214.893100
214.976374
215.013577
########
213.332204
215.042856
215.514948
215.866338
215.991806
216.263094
216.395622
216.489831
########
216.236308
216.294335
216.312459
216.645400
217.071284
217.107784
217.122995
217.177762
########