100
0.015311
0.010676
0.018768
0.020304
0.020014
0.017903
0.021548
0.025132
########
0.009007
0.011193
0.012650
0.018193
0.027517
0.034475
0.038681
0.039126
########
0.006128
0.008640
0.010473
0.031895
0.043094
0.034330
0.034766
0.047874
########
0.030964
0.033618
0.032626
0.033787
0.041524
0.040336
0.038744
0.050092
########
0.026056
0.024939
0.027315
0.026832
0.015240
0.022173
0.017366
0.037559
########
0.017871
0.024042
0.027314
0.028394
0.024069
0.017781
0.016199
0.031896
########
0.006983
0.012779
0.017049
0.008838
0.017800
0.013707
0.015882
0.019702
########
0.006713
0.014585
0.012150
0.012129
0.023811
0.021470
0.022598
0.027674
########
0.008164
0.020494
0.021358
0.029572
0.028374
0.030125
0.028488
0.034332
########
0.015404
0.017210
0.025660
0.022990
0.017538
0.030360
0.020662
0.021174
########
200
0.145505
0.156361
0.164595
0.171527
0.161254
0.161652
0.174548
0.173625
########
0.117353
0.159488
0.176162
0.184583
0.184695
0.190965
0.192177
0.195755
########
0.118917
0.180349
0.183003
0.188160
0.192014
0.191777
0.201504
0.207032
########
0.167562
0.162641
0.171575
0.174652
0.180920
0.191244
0.182278
0.200212
########
0.178738
0.182600
0.184121
0.188306
0.197768
0.187410
0.201499
0.211424
########
0.162045
0.176198
0.181400
0.196384
0.204843
0.205184
0.188840
0.211799
########
0.145649
0.197832
0.198124
0.198819
0.231912
0.228835
0.228434
0.238219
########
0.173696
0.183216
0.188734
0.190162
0.195125
0.205798
0.215651
0.218929
########
0.183280
0.187128
0.194827
0.201480
0.200111
0.210488
0.213818
0.210695
########
0.174956
0.188622
0.194558
0.207396
0.204261
0.215882
0.217249
0.219709
########
400
1.716459
1.791939
1.793291
1.802654
1.829047
1.835411
1.837639
1.853374
########
1.759807
1.857803
1.871817
1.886737
1.885725
1.897674
1.889858
1.906708
########
1.827170
1.926408
1.933919
1.931349
1.943792
1.950045
1.952217
1.961313
########
1.950245
2.118472
2.206659
2.194939
2.226321
2.235088
2.247297
2.261939
########
1.859192
2.000387
2.013359
2.060751
2.054672
2.060276
2.071074
2.089394
########
1.912077
2.004994
1.994996
2.049434
2.102283
2.130670
2.123481
2.147347
########
2.298815
2.298026
2.370831
2.403070
2.417419
2.430508
2.456699
2.461321
########
2.533537
2.597037
2.681114
2.693898
2.724632
2.750414
2.775415
2.757737
########
3.377464
3.374983
3.412969
3.489625
3.515855
3.545711
3.572024
3.559628
########
2.583101
2.650661
2.658096
2.642285
2.672396
2.672201
2.676201
2.719117
########
800
21.027496
21.402520
21.497327
21.598544
21.629989
21.601092
21.665803
21.764407
########
21.614084
21.668364
21.698451
21.785742
21.868952
21.897976
21.920561
21.913199
########
20.995339
21.696094
21.833398
21.909436
21.951588
21.974256
22.018604
22.046035
########
20.934384
21.096700
21.109092
21.173540
21.210729
21.209589
21.222740
21.229587
########
22.615794
22.750119
22.753172
22.772542
22.755948
22.762934
22.781225
22.806381
########
22.654762
22.771667
22.785643
22.839471
22.872480
22.860020
22.898968
22.953368
########
21.346057
21.338961
21.477013
21.501077
21.516210
21.518786
21.586395
21.582766
########
22.798146
22.937861
22.993784
23.022506
23.031267
23.091894
23.172566
23.290643
########
22.776094
22.859682
22.878461
23.019014
23.073416
23.080494
23.078980
23.078402
########
22.854091
22.935924
23.017425
23.010463
23.017011
23.029404
23.063621
23.055885
########
1600
201.202498
202.093290
202.326555
202.456250
202.564591
202.589057
202.746800
202.758591
########
204.847061
205.032058
205.230024
205.252445
205.330809
205.407468
205.449181
205.510945
########
204.227069
204.920446
205.039024
205.133477
205.119418
205.130071
205.116077
205.381219
########
200.493285
200.766136
201.077251
201.089237
201.232779
201.692110
201.689337
201.843804
########
201.712566
202.353744
202.749787
202.780442
202.977624
203.097979
203.115335
203.318520
########
200.306626
200.982073
201.136413
201.396802
201.517055
201.546106
201.595640
201.619186
########
203.047046
203.615308
203.905323
204.195458
204.491780
204.549468
204.644511
204.671056
########
202.583444
202.586140
202.870917
202.974906
202.986834
203.040636
203.064179
203.144013
########
203.180189
203.481988
203.543024
203.620464
203.617385
203.658756
204.076967
204.110053
########
203.101839
203.530019
203.655362
203.992393
204.074721
204.235426
204.282021
204.569985
########