500
500
1835613330
1913738580
1991863830
2069989080
-2146852966
-2068727716
-1990602466
-1912477216
-1834351966
-1756226716
-1678101466
-1642746494
-1599976216
-1595871244
-1521850966
-1548995994
-1443725716
-1502120744
-1365600466
-1455245494
-1287475216
-1408370244
-1361494994
-1209349966
-1314619744
-1131224716
-1053099466
-1267744494
-974974216
-1220869244
-896848966
-1173993994
-818723716
-1127118744
-740598466
-1080243494
-662473216
-1033368244
-986492994
-584347966
-939617744
-506222716
-428097466
-892742494
-349972216
-845867244
-271846966
-798991994
-193721716
-752116744
-115596466
-705241494
-37471216
-658366244
-611490994
40654034
-564615744
118779284
196904534
-517740494
275029784
-470865244
353155034
-423989994
431280284
-377114744
509405534
-330239494
587530784
-283364244
-236488994
665656034
-189613744
743781284
-142738494
821906534
-95863244
900031784
-48987994
978157034
-2112744
1056282284
44762506
1134407534
91637756
1212532784
138513006
1290658034
185388256
1368783284
232263506
1446908534
279138756
1525033784
326014006
1603159034
372889256
1681284284
419764506
1759409534
466639756
1837534784
513515006
1915660034
560390256
1993785284
2071910534
607265506
-2144931512
654140756
-2066806262
701016006
-1988681012
747891256
-1910555762
794766506
-1832430512
841641756
888517006
-1754305262
935392256
-1676180012
-1598054762
982267506
-1519929512
1029142756
-1441804262
1076018006
-1363679012
1122893256
-1285553762
1169768506
-1207428512
1216643756
-1129303262
1263519006
-1051178012
1310394256
-973052762
1357269506
-894927512
1404144756
-816802262
1451020006
-738677012
1497895256
-660551762
1544770506
-582426512
1591645756
-504301262
1638521006
-426176012
1685396256
-348050762
-269925512
1732271506
-191800262
1779146756
-113675012
1826022006
-35549762
1872897256
42575488
1919772506
120700738
1966647756
198825988
2013523006
276951238
2060398256
355076488
433201738
2107273506
511326988
-2140818540
589452238
-2093943290
667577488
-2047068040
745702738
-2000192790
823827988
-1953317540
901953238
-1906442290
980078488
-1859567040
1058203738
-1812691790
1136328988
-1765816540
1214454238
-1718941290
1292579488
-1672066040
1370704738
-1625190790
1448829988
-1578315540
1526955238
-1531440290
1605080488
-1484565040
1683205738
1761330988
-1437689790
1839456238
-1390814540
1917581488
-1343939290
1995706738
-1297064040
2073831988
-1250188790
-2143010058
-1203313540
-2064884808
-1156438290
-1986759558
-1109563040
-1908634308
-1062687790
-1830509058
-1015812540
-1752383808
-968937290
-1674258558
-922062040
-1596133308
-875186790
-1518008058
-828311540
-1439882808
-781436290
-1361757558
-734561040
-1283632308
-1205507058
-687685790
-1127381808
-640810540
-1049256558
-593935290
-592112730
-591987480
-591862230
-591736980
-591611730
-591486480
-591361230
-591235980
-591110730
