1600
1600
-1570544160
-1057263360
2065095456
843408960
-543982560
-378277536
-30701760
-1599964032
482579040
995859840
1473316768
251630272
1509140640
-970056224
2022421440
2103224576
-1759265056
-1245984256
881538080
-340148416
-732703456
-1561834912
-219422656
1511445888
293858144
807138944
289759392
-931927104
1320419744
2141353696
1833700544
919667200
-1947985952
-1434705152
-302019296
-1523705792
-921424352
1549575008
-408143552
327888512
105137248
618418048
-893797984
-2115484480
1131698848
957796320
1644979648
-263890176
-2136706848
-1623426048
-1485576672
1587704128
-1110145248
366017632
-596864448
-855668864
-83583648
429697152
-2077355360
995925440
942977952
-225761056
1456258752
-1447447552
1969539552
-1812146944
1625833248
404146752
-1298866144
-817539744
-785585344
-2039226240
-272304544
240976256
