500
500
-600379230
-600253980
-600128730
-600003480
-1097799198
-599878230
-1050923948
-599752980
-1004048698
-599627730
-957173448
-599502480
-910298198
-863422948
-599377230
-816547698
-599251980
-769672448
-599126730
-722797198
-599001480
-675921948
-598876230
-629046698
-598750980
-582171448
-598625730
-535296198
-598500480
-488420948
-598375230
-441545698
-598249980
-394670448
-598124730
-347795198
-597999480
-300919948
-597874230
-254044698
-597748980
-207169448
-597623730
-160294198
-597498480
-113418948
-597373230
-66543698
-597247980
-19668448
-597122730
27206802
-596997480
74082052
-596872230
120957302
-596746980
167832552
-596621730
214707802
-596496480
261583052
308458302
-596371230
355333552
-596245980
-596120730
402208802
-595995480
449084052
-595870230
495959302
-595744980
542834552
-595619730
589709802
-595494480
636585052
683460302
-595369230
730335552
-595243980
-595118730
777210802
-594993480
824086052
-594868230
870961302
-594742980
917836552
-594617730
964711802
-594492480
1011587052
1058462302
-594367230
1105337552
-594241980
-594116730
1152212802
-593991480
1199088052
-593866230
1245963302
-593740980
1292838552
-593615730
1339713802
-593490480
1386589052
1433464302
-593365230
1480339552
-593239980
-593114730
1527214802
-592989480
1574090052
-592864230
1620965302
-592738980
1667840552
-592613730
1714715802
-592488480
1761591052
1808466302
-592363230
1855341552
-592237980
1902216802
1949092052
1995967302
2042842552
2089717802
2136593052
-2111498994
-2064623744
-2017748494
