1600
1600
-1502128864
-1500848064
841866016
-1499567264
-1403820480
-1498286464
645460320
-1497005664
-1600226176
-1495724864
449054624
-1494444064
-1796631872
-1493163264
252648928
-1491882464
-1993037568
-1490601664
56243232
-1489320864
2105524032
-1488040064
-140162464
-1486759264
1909118336
-1485478464
-336568160
-1484197664
1712712640
-1482916864
-532973856
1516306944
-1481636064
-1480355264
-729379552
-1479074464
1319901248
-1477793664
-925785248
1123495552
-1476512864
-1475232064
-1122190944
-1473951264
927089856
-1472670464
-1318596640
-1471389664
730684160
-1470108864
-1515002336
-1468828064
534278464
-1467547264
-1711408032
-1466266464
337872768
-1464985664
-1907813728
-1463704864
141467072
-1462424064
-2104219424
-1461143264
-54938624
-1459862464
1994342176
-1458581664
-251344320
-1457300864
1797936480
-1456020064
-447750016
-1454739264
-1453458464
-1452177664
