500
500
-623550480
-623425230
263755570
-623299980
279380820
-623174730
295006070
-623049480
310631320
-622924230
326256570
-622798980
341881820
-622673730
357507070
-622548480
373132320
388757570
-622423230
404382820
-622297980
420008070
-622172730
435633320
-622047480
451258570
-621922230
466883820
-621796980
482509070
-621671730
498134320
-621546480
513759570
-621421230
529384820
-621295980
545010070
-621170730
560635320
-621045480
576260570
-620920230
591885820
-620794980
607511070
-620669730
623136320
-620544480
638761570
-620419230
654386820
-620293980
670012070
-620168730
685637320
-620043480
701262570
-619918230
716887820
-619792980
732513070
-619667730
748138320
-619542480
763763570
779388820
-619417230
795014070
-619291980
810639320
-619166730
826264570
-619041480
841889820
-618916230
857515070
-618790980
873140320
-618665730
-618540480
888765570
904390820
-618415230
920016070
-618289980
935641320
-618164730
951266570
-618039480
966891820
-617914230
982517070
-617788980
998142320
-617663730
-617538480
1013767570
1029392820
-617413230
1045018070
-617287980
1060643320
-617162730
1076268570
-617037480
1091893820
-616912230
1107519070
-616786980
1123144320
-616661730
-616536480
1138769570
1154394820
-616411230
1170020070
-616285980
1185645320
-616160730
1201270570
-616035480
1216895820
-615910230
1232521070
-615784980
1248146320
-615659730
1263771570
-615534480
1279396820
-615409230
1295022070
-615283980
1310647320
-615158730
1326272570
-615033480
1341897820
-614908230
1357523070
-614782980
1373148320
-614657730
1388773570
-614532480
1404398820
-614407230
1420024070
-614281980
1435649320
-614156730
1451274570
-614031480
1466899820
-613906230
1482525070
-613780980
1498150320
-613655730
1513775570
-613530480
1529400820
1545026070
-613405230
1560651320
-613279980
1576276570
-613154730
1591901820
-613029480
1607527070
-612904230
1623152320
-612778980
-612653730
1638777570
-612528480
1654402820
1670028070
-612403230
1685653320
-612277980
1701278570
-612152730
1716903820
-612027480
1732529070
-611902230
1748154320
1763779570
1779404820
1795030070
1810655320
1826280570
1841905820
1857531070
1873156320
1888781570
1904406820
1920032070
1935657320
1951282570
1966907820
1982533070
1998158320
2013783570
2029408820
2045034070
2060659320
2076284570
-611776980
2091909820
2107535070
-611651730
2123160320
-611526480
2138785570
-611401230
-2140556476
-611275980
-2124931226
-611150730
-2109305976
-611025480
-2093680726
-610900230
-2078055476
-610774980
-2062430226
-610649730
-2046804976
-610524480
-2031179726
-610399230
-2015554476
-610273980
-1999929226
-610148730
-1984303976
-610023480
-1968678726
-609898230
-1953053476
-609772980
-1937428226
-609647730
-1921802976
-609522480
-1906177726
-609397230
-1890552476
-609271980
-1874927226
-609146730
-1859301976
-609021480
-1843676726
-608896230
-1828051476
-608770980
-1812426226
-608645730
-1796800976
-608520480
-1781175726
-608395230
-1765550476
-608269980
-1749925226
-608144730
-1734299976
-608019480
-1718674726
-607894230
-1703049476
-607768980
-607643730
-607518480
-1999574044
-607393230
-1968198794
-607267980
-1936823544
-607142730
-1905448294
-607017480
-1874073044
-606892230
-1842697794
-606766980
-1811322544
-606641730
-1779947294
-606516480
-1748572044
-1717196794
-606391230
-1685821544
-606265980
-1654446294
-606140730
-1623071044
-606015480
-1591695794
-605890230
-1560320544
-605764980
-605639730
-1528945294
-605514480
-1497570044
-1466194794
-605389230
-1434819544
-605263980
-1403444294
-605138730
-1372069044
-605013480
-1340693794
-604888230
-1309318544
-604762980
-604637730
-1277943294
-604512480
-1246568044
-604387230
-1215192794
-604261980
-1183817544
-604136730
-1152442294
-604011480
-1121067044
-603886230
-1089691794
-603760980
-1058316544
-603635730
-1026941294
-603510480
-995566044
-603385230
-964190794
-603259980
-932815544
-603134730
-901440294
-603009480
-870065044
-602884230
-838689794
-602758980
-807314544
-602633730
-775939294
-602508480
-744564044
-602383230
-713188794
-602257980
-681813544
-602132730
-650438294
-602007480
-619063044
-601882230
-587687794
-601756980
-601631730
-601506480
-601381230
-601255980
-601130730
-601005480
-600880230
-600754980
-600629730
-600504480
-556312544
-1687424226
