500
500
-641085480
-2003015998
-640960230
-1971640748
-640834980
-1940265498
-640709730
-1908890248
-640584480
-1877514998
-1846139748
-640459230
-1814764498
-640333980
-1783389248
-640208730
-1752013998
-640083480
-1720638748
-639958230
-1689263498
-639832980
-1657888248
-639707730
-1626512998
-639582480
-1595137748
-1563762498
-639457230
-1532387248
-639331980
-1501011998
-639206730
-1469636748
-639081480
-1438261498
-638956230
-1406886248
-638830980
-1375510998
-638705730
-1344135748
-638580480
-1312760498
-638455230
-1281385248
-638329980
-1250009998
-638204730
-1218634748
-638079480
-1187259498
-637954230
-1155884248
-637828980
-1124508998
-637703730
-1093133748
-637578480
-1061758498
-1030383248
-637453230
-999007998
-637327980
-967632748
-637202730
-936257498
-637077480
-904882248
-636952230
-873506998
-636826980
-842131748
-636701730
-810756498
-636576480
-779381248
-636451230
-748005998
-636325980
-716630748
-636200730
-685255498
-636075480
-653880248
-635950230
-622504998
-635824980
-591129748
-635699730
-559754498
-635574480
-528379248
-635449230
-497003998
-635323980
-465628748
-635198730
-434253498
-635073480
-402878248
-634948230
-371502998
-634822980
-340127748
-634697730
-308752498
-634572480
-277377248
-634447230
-246001998
-634321980
-214626748
-634196730
-183251498
-634071480
-151876248
-633946230
-120500998
-633820980
-89125748
-633695730
-57750498
-633570480
-26375248
-633445230
5000002
-633319980
36375252
-633194730
67750502
-633069480
99125752
-632944230
130501002
-632818980
161876252
-632693730
193251502
-632568480
224626752
-632443230
256002002
-632317980
287377252
-632192730
318752502
-632067480
350127752
-631942230
381503002
-631816980
412878252
-631691730
444253502
-631566480
475628752
-631441230
507004002
-631315980
538379252
-631190730
569754502
-631065480
601129752
-630940230
632505002
-630814980
663880252
-630689730
695255502
-630564480
726630752
758006002
-630439230
789381252
-630313980
820756502
-630188730
852131752
-630063480
883507002
-629938230
914882252
-629812980
946257502
-629687730
977632752
-629562480
-629437230
1009008002
-629311980
1040383252
-629186730
1071758502
-629061480
1103133752
-628936230
1134509002
-628810980
1165884252
-628685730
1197259502
-628560480
1228634752
1260010002
-628435230
1291385252
-628309980
1322760502
-628184730
1354135752
-628059480
1385511002
-627934230
1416886252
-627808980
1448261502
-627683730
1479636752
-627558480
1511012002
-627433230
1542387252
-627307980
1573762502
-627182730
1605137752
-627057480
1636513002
-626932230
1667888252
-626806980
1699263502
-626681730
1730638752
-626556480
1762014002
-626431230
1793389252
-626305980
1824764502
-626180730
1856139752
-626055480
1887515002
-625930230
1918890252
-625804980
1950265502
-625679730
1981640752
-625554480
-625429230
2013016002
-625303980
2044391252
-625178730
2075766502
-625053480
2107141752
-624928230
2138517002
-624802980
-2125075044
-624677730
-2093699794
-624552480
-2062324544
-624427230
-2030949294
-624301980
-624176730
-624051480
-623926230
-623800980
-623675730
